1182815429946793984
1182815912291979265
1182817428536995850
1182827552575877120
1182840118060568577
1182840931738779653
1182856469953335296
1182857539093958663
1182867236815626241
1182870006239059968
1182870927303831553
1182882150833704960
1182892246938607617
1182911466917289984
1182921448970768385
1182941487232962561
1182948442219405312
1183008478241181696
1183010931053338624
1183014195912159232
1183020501213630466
1183026815755018240
1183027134907981824
1183029039130394624
1183038583269138433
1183044987967029249
1183057926694551552
1183058578346795013
1183059751929896960
1183065465536614400
1183071256012189696
1183074799423082496
1183075962071801856
1183079333482487808
1183081886932975616
1183089599872032768
1183091879044354051
1183094116697157635
1183102618970853376
1183118646698303491
1183120117623689216
1183123935707181057
1183127455541780480
1183134685699985408
1183136113415712768
1183140700738617344
1183140920948117505
1183141004817424387
1183145566135635973
1183145760314888192
1183151009180377088
1183152392784756736
1183152588818014209
1183156895781212161
1183159703871938561
1183164870826573826
1183165089353998338
1183165819187916801
1183166544789917696
